100 1000
2926 4956 8789 6485 2738 3231 9679 7127 9622 9857 3415 504 9286 8096 9732 6910 3964 2597 4711 6830 4614 1156 254 8135 2415 1102 7800 6638 4677 4585 1490 7404 2888 9672 4021 5514 8533 5886 1346 7725 5483 6211 9719 421 4946 9833 769 6635 9191 2936 6285 7533 4941 3422 3933 8651 793 6229 4197 7599 4795 6412 8788 2050 3784 9278 7865 232 3529 2919 5394 3857 3614 458 8113 7547 5226 6676 4128 3734 3203 7711 5175 6256 3547 7517 2392 7713 397 266 2595 4183 6921 5029 767 1995 5318 540 9096 1143
30 67
23 30
2 46
19 68
12 89
29 43
1 95
9 72
55 89
23 99
33 96
5 45
10 94
11 84
6 75
18 94
51 54
15 36
16 70
39 84
5 70
39 50
47 85
6 57
17 51
27 67
55 75
34 87
13 98
23 50
8 53
2 15
29 35
14 22
22 31
10 73
82 97
83 94
29 33
47 74
60 67
1 40
3 24
33 51
25 37
70 98
67 68
76 90
20 54
21 93
13 25
7 75
77 89
62 93
28 34
8 74
78 92
1 65
70 95
33 52
23 42
50 81
23 89
48 68
65 91
3 25
17 53
0 15
12 22
28 41
70 86
72 74
47 83
36 45
36 63
24 47
22 57
18 83
21 67
35 68
29 44
9 40
6 69
51 88
46 64
22 24
25 50
32 67
39 55
22 52
88 93
9 59
34 65
73 97
38 53
2 84
21 83
6 94
11 47
33 77
40 62
3 33
5 72
43 89
24 36
15 49
6 70
31 39
34 52
31 58
26 60
24 38
53 83
34 72
51 73
59 94
56 93
15 95
28 31
6 47
38 69
64 92
54 77
33 42
60 74
54 63
71 88
1 33
19 64
71 80
19 30
18 56
36 50
11 16
9 92
43 78
29 55
10 65
34 83
30 90
3 40
27 31
28 77
5 83
68 89
58 97
84 95
11 67
18 57
13 88
79 93
27 51
20 32
34 42
25 55
56 68
21 38
5 82
87 92
61 91
4 42
32 42
40 76
33 74
45 46
14 37
56 86
12 49
63 79
53 99
42 81
84 96
30 78
42 61
84 93
4 70
0 83
37 75
41 43
0 10
14 36
6 61
37 68
36 38
30 74
17 34
4 17
35 86
73 85
2 22
50 53
85 89
1 20
20 24
23 93
31 68
22 70
6 68
0 55
28 81
30 96
47 73
32 86
22 90
8 21
1 45
1 72
41 42
5 30
36 70
3 64
13 63
11 57
42 90
35 97
27 90
3 62
17 26
46 52
11 59
21 50
9 34
22 26
12 92
87 89
84 99
6 67
5 69
27 28
13 41
55 74
54 66
11 53
21 65
56 85
1 60
21 76
3 23
2 49
27 91
56 63
14 20
4 19
29 41
34 73
17 92
0 7
42 84
21 23
47 89
67 88
13 40
7 41
35 88
9 62
29 53
40 73
71 75
32 69
69 72
48 73
38 65
58 68
48 75
62 71
30 34
47 84
2 68
24 62
81 89
52 68
43 71
45 63
12 87
7 73
85 86
93 96
18 54
11 54
49 66
5 54
31 32
11 42
38 77
77 80
71 79
21 90
24 55
51 57
53 57
4 53
51 59
71 99
50 75
11 51
8 91
1 82
61 75
37 72
0 41
91 94
1 15
16 92
65 98
76 84
17 21
14 18
23 38
5 10
54 56
50 84
38 95
30 84
0 68
33 41
36 68
31 69
5 75
27 78
37 70
56 79
36 87
78 88
9 28
18 70
2 90
18 75
87 88
37 53
1 67
57 66
64 76
75 82
18 62
14 16
35 59
7 76
47 61
38 93
20 36
64 78
52 73
11 17
72 86
57 63
41 55
87 95
50 99
46 60
31 70
7 81
73 80
61 96
26 56
62 92
8 92
57 86
5 74
2 91
1 55
34 50
79 81
13 92
70 71
26 37
70 90
18 91
22 87
35 61
6 65
28 40
52 89
62 65
8 80
9 90
29 83
64 91
46 88
17 24
30 94
69 95
62 99
92 98
60 90
27 38
29 46
18 92
13 62
27 77
57 76
4 67
30 81
34 71
61 99
46 47
16 33
13 91
61 84
36 92
59 63
58 88
34 46
43 75
52 80
69 97
18 38
15 40
66 75
14 40
46 90
10 60
51 76
45 93
17 65
6 76
9 26
33 91
48 51
14 76
42 50
9 86
22 62
31 84
74 97
11 80
32 59
36 84
25 62
79 85
41 48
37 81
42 76
54 99
10 44
96 98
24 66
11 83
38 40
46 77
0 32
17 90
88 96
74 78
70 87
27 84
12 73
72 89
22 49
19 81
9 33
4 97
19 40
69 80
47 70
9 41
53 67
57 73
30 98
21 87
13 14
22 23
46 55
22 84
29 92
15 77
64 65
28 66
39 53
8 63
59 73
6 60
23 74
26 35
16 99
78 81
33 58
67 69
58 89
8 44
18 48
54 89
26 48
90 91
46 91
46 59
34 40
33 92
38 73
47 53
12 21
41 70
19 83
19 57
5 59
26 63
24 87
19 25
25 94
13 82
39 81
0 72
46 96
13 59
8 88
11 40
22 76
44 71
12 48
6 36
62 69
47 79
3 30
26 58
54 67
18 60
86 95
15 84
8 60
36 54
1 31
53 58
25 74
21 99
4 78
23 49
4 45
43 52
54 70
23 70
10 30
16 20
50 93
7 98
38 96
23 35
25 92
44 89
64 89
8 34
35 94
11 56
23 67
39 46
65 87
30 47
48 60
4 27
28 96
60 75
65 69
35 78
24 49
59 98
37 46
59 67
33 94
22 66
28 62
26 34
48 77
75 90
23 61
5 63
62 78
4 90
33 89
25 26
36 61
44 63
3 20
36 83
74 88
25 79
49 90
17 55
58 60
50 62
20 81
1 36
16 57
31 51
39 54
13 45
42 54
35 92
3 8
52 96
10 24
77 99
22 61
18 68
19 26
29 95
59 65
0 97
1 48
23 46
5 19
17 83
5 77
60 61
44 61
22 86
23 52
11 55
39 93
35 69
66 83
16 88
60 82
18 65
5 67
33 93
90 95
17 98
41 61
23 39
11 75
9 42
15 75
10 83
11 46
38 71
3 13
1 8
46 57
11 43
26 86
27 88
57 81
34 92
27 86
3 29
59 90
8 9
14 89
50 70
51 64
48 53
65 83
52 81
37 83
7 10
49 85
38 44
27 62
0 56
45 84
14 17
8 56
43 81
21 97
26 93
25 46
29 73
12 25
77 82
51 67
3 6
22 47
9 76
34 57
19 58
35 51
22 75
41 75
0 76
8 69
70 80
59 80
71 94
28 47
31 96
26 95
58 82
39 42
48 99
46 62
19 33
12 69
16 18
14 35
21 36
32 55
1 88
30 97
11 23
45 96
22 64
56 99
78 90
45 65
25 78
17 71
22 97
68 99
25 60
34 68
46 97
19 34
3 79
1 69
32 87
28 75
41 58
58 94
66 73
21 85
1 26
18 93
10 67
50 98
72 76
61 88
28 80
38 70
61 93
8 25
64 88
12 81
57 65
4 95
20 89
5 62
45 83
34 76
16 32
45 62
6 17
25 72
64 75
34 41
32 43
49 64
32 60
78 99
20 73
43 66
70 77
21 74
6 33
59 69
46 74
97 98
34 79
51 63
69 81
82 90
27 39
1 92
70 75
14 86
20 47
11 79
37 56
57 98
3 63
18 46
48 74
29 30
32 52
0 65
70 91
45 94
4 66
43 58
42 69
45 57
12 78
9 74
28 89
13 55
22 85
10 81
91 97
29 81
76 96
14 43
24 68
22 80
9 37
12 44
12 23
14 70
22 93
18 66
64 83
19 27
45 72
5 93
45 86
71 72
45 70
58 61
52 91
47 93
29 61
54 74
38 90
1 77
2 99
85 93
25 90
0 9
12 53
2 24
3 34
18 85
33 45
23 78
54 88
38 82
52 64
87 98
51 70
63 64
42 55
7 56
5 99
57 82
65 80
8 58
4 64
6 58
43 65
43 64
11 98
37 86
56 60
70 85
62 81
9 57
2 6
8 94
29 59
39 43
50 55
56 96
4 75
14 97
54 93
66 69
12 84
15 22
2 81
0 18
17 63
58 72
4 82
65 79
35 96
54 98
15 51
49 69
19 43
7 83
46 82
80 86
18 31
5 68
28 88
58 81
37 47
24 54
22 81
6 27
7 79
57 97
13 24
83 87
42 66
38 49
74 98
17 19
31 75
57 60
27 50
28 73
5 37
6 48
3 17
4 89
31 97
61 68
77 87
23 55
40 50
10 18
1 2
73 89
16 72
17 43
53 76
22 94
30 40
4 83
35 65
34 98
63 70
13 51
39 99
65 86
31 64
24 94
7 23
36 60
45 68
25 76
2 17
24 56
46 93
22 54
57 95
28 37
22 30
88 91
60 63
73 90
42 92
3 15
9 64
12 36
28 64
80 90
49 94
8 32
42 88
6 22
29 39
52 78
55 62
43 93
65 90
29 97
2 97
73 94
17 39
47 92
66 99
80 92
16 95
81 98
26 39
79 91
4 31
23 26
37 41
83 95
1 74
23 88
55 92
6 38
38 51
42 56
10 61
9 87
40 46
15 88
62 98
28 98
24 83
0 30
20 34
39 76
13 77
96 97
0 86
30 66
42 89
77 97
44 53
78 95
51 61
66 94
26 27
4 43
43 54
75 81
22 91
0 98
16 46
1 30
36 99
42 45
28 71
10 58
59 77
11 66
15 16
47 95
6 40
36 51
3 98
48 58
5 16
30 59
25 61
15 17
11 99
10 68
