
输入
2
20 10
输出
20

输入
3
5 3 7
输出
8

输如
3
6 3 8
输出
9

输入
4
5 3 7 2
输出
8

输入
19
240 182 45 246 151 269 89 26 289 260 206 47 288 107 294 65 261 251 24

输出
404

输入
24
240 182 45 246 151 269 89 26 289 260 206 47 288 107 294 65 261 251 24 65 261 251 220 690

输出
690



输入
25
240 182 45 246 151 269 89 26 289 260 206 47 288 107 294 65 261 251 24 65 261 251 220 490 730

输出
730



暴力无法通过的用例：

输入
110
5 6 10 5 9 9 1 11 6 3 11 6 6 11 3 5 3 1 8 12 2 5 10 7 3 1 9 3 4 12 8 4 1 5 11 3 8 9 12 12 5 10 3 2 9 9 3 2 3 10 3 2 10 10 10 4 4 8 7 6 2 3 8 11 2 10 7 3 6 5 6 2 2 8 4 7 4 10 12 6 2 9 10 10 4 7 3 2 11 3 5 2 9 11 8 10 6 12 11 9 7 5 10 2 1 5 6 12 9 1 1
输出
18


输入
111
5 6 10 5 9 9 1 11 6 3 11 6 6 11 3 5 3 1 8 12 2 5 10 7 3 1 9 3 4 12 8 4 1 5 11 3 8 9 12 12 5 10 3 2 9 9 3 2 3 10 3 2 10 10 10 4 4 8 7 6 2 3 8 11 2 10 7 3 6 5 6 2 2 8 4 7 4 10 12 6 2 9 10 10 4 7 3 2 11 3 5 2 9 11 8 10 6 12 11 9 7 5 10 2 1 5 6 12 9 1 1
输出
18

输入
97
5 6 10 5 9 9 1 11 6 3 11 6 6 11 3 5 3 1 8 12 2 5 10 7 3 1 9 3 4 12 8 4 1 5 11 3 8 9 12 12 5 10 3 2 9 9 3 2 3 10 3 2 10 10 10 4 4 8 7 6 2 3 8 11 2 10 7 3 6 5 6 2 2 8 4 7 4 10 12 6 2 9 10 10 4 7 3 2 11 3 5 2 9 11 8 10 6

输入
98
5 6 10 5 9 9 1 11 6 3 11 6 6 11 3 5 3 1 8 12 2 5 10 7 3 1 9 3 4 12 8 4 1 5 11 3 8 9 12 12 5 10 3 2 9 9 3 2 3 10 3 2 10 10 10 4 4 8 7 6 2 3 8 11 2 10 7 3 6 5 6 2 2 8 4 7 4 10 12 6 2 9 10 10 4 7 3 2 11 3 5 2 9 11 8 10 6 12


